0 0.832460352468496
1000 0.7954198581755867
2000 0.7954198581755867
3000 0.7954198581755867
4000 0.7954198581755867
5000 0.7954198581755867
6000 0.7954198581755867
7000 0.7954198581755867
8000 0.7954198581755867
9000 0.7954198581755867
10000 0.7954198581755867
11000 0.7954198581755867
12000 0.7954198581755867
13000 0.7954198581755867
14000 0.7954198581755867
15000 0.7954198581755867
16000 0.7954198581755867
17000 0.7954198581755867
18000 0.7954198581755867
19000 0.7954198581755867
20000 0.7954198581755867
21000 0.7954198581755867
22000 0.7954198581755867
23000 0.7954198581755867
24000 0.7954198581755867
25000 0.7954198581755867
26000 0.7954198581755867
27000 0.7954198581755867
28000 0.7954198581755867
29000 0.7954198581755867
30000 0.7954198581755867
31000 0.7954198581755867
32000 0.7954198581755867
33000 0.7954198581755867
34000 0.7954198581755867
35000 0.7954198581755867
36000 0.7954198581755867
37000 0.7954198581755867
38000 0.7954198581755867
39000 0.7954198581755867
40000 0.7954198581755867
41000 0.7954198581755867
42000 0.7954198581755867
43000 0.7954198581755867
44000 0.7954198581755867
45000 0.7954198581755867
46000 0.7954198581755867
47000 0.7954198581755867
48000 0.7954198581755867
49000 0.7954198581755867
50000 0.7954198581755867
51000 0.7954198581755867
52000 0.7954198581755867
53000 0.7954198581755867
54000 0.7954198581755867
55000 0.7954198581755867
56000 0.7954198581755867
57000 0.7954198581755867
58000 0.7954198581755867
59000 0.7954198581755867
60000 0.7954198581755867
61000 0.7954198581755867
62000 0.7954198581755867
63000 0.7954198581755867
64000 0.7954198581755867
65000 0.7954198581755867
66000 0.7954198581755867
67000 0.7954198581755867
68000 0.7954198581755867
69000 0.7954198581755867
70000 0.7954198581755867
71000 0.7954198581755867
72000 0.7954198581755867
73000 0.7954198581755867
74000 0.7954198581755867
75000 0.7954198581755867
76000 0.7954198581755867
77000 0.7954198581755867
78000 0.7954198581755867
79000 0.7954198581755867
80000 0.7954198581755867
81000 0.7954198581755867
82000 0.7954198581755867
83000 0.7954198581755867
84000 0.7954198581755867
85000 0.7954198581755867
86000 0.7954198581755867
87000 0.7954198581755867
88000 0.7954198581755867
89000 0.7954198581755867
90000 0.7954198581755867
91000 0.7954198581755867
92000 0.7954198581755867
93000 0.7954198581755867
94000 0.7954198581755867
95000 0.7954198581755867
96000 0.7954198581755867
97000 0.7954198581755867
98000 0.7954198581755867
99000 0.7954198581755867
